First Generation Population: 2

Generation Number 1
[[3, 7, 1, 0, 4, 5, 6, 2], [4, 5, 6, 7, 2, 0, 3, 1]]

Calculating Members' Fitness:
Fitness:
[[[3, 7, 1, 0, 4, 5, 6, 2], 21], [[4, 5, 6, 7, 2, 0, 3, 1], 20]]

Sorting Members By Survival Chance:
Fitness:
[[[3, 7, 1, 0, 4, 5, 6, 2], 21, 0.75, 0.5121951219512195], [[4, 5, 6, 7, 2, 0, 3, 1], 20, 0.7142857142857143, 0.4878048780487805]]

Crossover Phase With The Mask: [1, 1, 1, 1, 0, 1, 1, 1]
New Members:
[[3, 7, 1, 0, 4, 5, 6, 2], [4, 5, 6, 7, 2, 0, 3, 1], [3, 7, 1, 0, 2, 5, 6, 2], [4, 5, 6, 7, 4, 0, 3, 1]]

Adding New Members To Pupolation And Calculate Fitnees And Survival Chance...
Fitness:
[[[3, 7, 1, 0, 4, 5, 6, 2], 21], [[4, 5, 6, 7, 2, 0, 3, 1], 20], [[3, 7, 1, 0, 2, 5, 6, 2], 23], [[4, 5, 6, 7, 4, 0, 3, 1], 17]]

Sorting New Members By Survival Chance:
Fitness:
[[[3, 7, 1, 0, 2, 5, 6, 2], 23, 0.8214285714285714, 0.2839506172839506], [[3, 7, 1, 0, 4, 5, 6, 2], 21, 0.75, 0.25925925925925924], [[4, 5, 6, 7, 2, 0, 3, 1], 20, 0.7142857142857143, 0.2469135802469136], [[4, 5, 6, 7, 4, 0, 3, 1], 17, 0.6071428571428571, 0.20987654320987653]]

